0.6989576557405847
0.701302606225281
0.7019217453641972
0.6998862837867995
0.6998769616628827
0.7005078347430598
0.6974761940740173
0.6988643429807723
0.6994893526013352
0.6985610331585721
0.6996709941024154
0.7008597529124282
0.7003778323356042
0.7001609476285355
0.7000677224217902
0.6994469330045716
0.7003669786313704
0.6998606480330694
0.6998881147881467
0.6991214040200593
0.7001384677162344
0.7002019265250164
0.6994161900603996
0.7002310919630259
0.7005416674653785
0.6980448728123854
0.7005578556437452
0.7004881628309264
0.7006277314212166
0.6997226881287103
0.7001424368983385
0.7004553813683194
0.7008090122643393
0.7003431356928346
0.6999840235335302
0.6997069717197361
0.699652879013579
0.6998221373769109
0.7002404157424098
0.7004250482862829
0.7000526628752597
0.7020773095938139
0.7004920122147782
0.6998610180505854
0.6996471774508692
0.6989723428622261
0.6986175987269023
0.6989569987005452
0.7010597426079561
0.7011486917127293
0.7014178812246492
0.6997205879746901
0.6993605798446396
0.7003574223800559
0.7008180064324623
0.6995407665111328
0.6988756961235681
0.7007054650513752
0.7003446818878354
0.6999611949919267
0.6995449743549218
0.6974219693777358
0.699232293218712
0.7009371497798049
0.6984403544096855
0.7003677717008986
0.700415164090416
0.6992248444477001
0.7000389291741007
0.6983860362263898
0.6998472268405029
0.6995004049520823
0.7006304954829145
0.6991586552784692
0.7008945343484886
0.6987409513100721
0.6997312003461379
0.7007675551209358
0.7009165323139769
0.7009283861530591
0.7000767808291494
0.7008988574097654
0.7006819772696241
0.6998908079530657
0.6995629279658175
0.6998311834892678
0.6992193921017433
0.6986570926420834
0.7009256854898502
0.7007764123870533
0.699337209582378
0.6995555670444018
0.6993696504235327
0.6992435030444497
0.7009555614447467
0.699680350570271
0.699856566121401
0.6976300766507725
0.7004433695162651
0.6998162989559586
0.6996321278168071
0.7029399985749927
0.6996986972383613
0.699786809022382
0.7000247328779716
0.6994305197777692
0.6996841380724094
0.6997457264787231
0.7009204587885081
0.6994945874202873
0.6993073090113393
0.6999705843757001
0.6979875974270446
0.6996679541085016
0.7020423389179781
0.698163040617518
0.7019123955917366
0.6999641322141056
0.7017740077365822
0.7001947893861613
0.698775030336993
0.7005611500330994
0.6998295047263415
0.6993827074213612
0.7000593390365281
0.698922115062077
0.6973022522949338
0.6993602180345143
0.7001843122301217
0.6992903641547159
0.7000364420981516
0.701514887572177
0.699375846313311
0.7009860200831912
0.6980443231825372
0.6988831843732051
0.6986701237461828
0.6999545602141892
0.7026601214386088
0.6987726882064018
0.6995291889034302
0.6994057286052395
0.7010771063188501
0.7012068528470393
0.6990571344906692
0.7012789133786599
0.7002698186314077
0.7016335758717619
0.6987305733524958
0.7009013000229483
0.6994680233085989
0.7006911348730261
0.6996850418653893
0.6997324976335287
0.6996623549171407
0.6982065646361786
0.6998535984814953
0.6985433641196382
0.6992934534962796
0.6989217212840415
0.6995925247552781
0.6991702370259948
0.7000431345073305
0.7010765065397363
0.6998320663909791
0.7007746632062657
0.699662391508749
0.6996033780150369
0.7013766070273999
0.6986280321742925
0.6997943038510827
0.7007233273891028
0.7002341365864176
0.7004574309300268
0.7007505358413427
0.700270581695633
0.6991796890233264
0.7001631571261381
0.7007699621650776
0.6981802945488644
0.6999366122249226
0.7002943946359321
0.6987976613813365
0.701051229332162
0.6998091631587814
0.6987698321681723
0.7010077406419396
0.6987753467905168
0.7003490275648417
0.7005803280942686
0.6999334897703852
0.6998168685966417
0.7006626164750434
0.6994018208397285
0.7000248974237994
0.7012178279716479
0.7007169607141448
0.7018765434457334
0.6989740360541138
0.7008274769198811
0.6985946839524649
0.6998897397885149
0.7011882707260804
0.6997879786992753
0.6997832708048338
0.6991712491115136
0.7014181613676432
0.7000035818519101
0.6983134181810348
0.6997287714197334
0.6992363754548224
0.7013095169647966
0.7001814954560929
0.7011159868225807
0.6998814843281467
0.6990793744305996
0.698930873071368
0.7001292330670649
0.6990600708309559
0.698955291561645
0.6994914342126629
0.7019232805387318
0.7023314566338947
0.6993412325274744
0.6985682648318102
0.6994266780164061
0.7002628998302907
0.7004541271751266
0.7007014443334282
0.6994583644922963
0.700066712914394
0.7016902391789577
0.6981557759988383
0.6997359800719261
0.7005025023253171
0.7000194406345841
0.6994956856584943
0.7008043144728306
0.7003251641417192
0.702100362598336
0.7002617979270793
0.6995223204571768
0.6983734185467874
0.7007097756488669
0.7000744224373422
0.699338657661016
0.7015370422169803
0.6989289201055938
0.699576946006239
0.7002832862773138
0.7003964968698305
0.699140441057775
0.6999103434321378
0.699751208347216
0.699815549604014
0.7025402990126594
0.7010642277937301
0.7016003314346492
0.7011304381309491
0.7013257046616532
0.6994648492422983
0.7012817230593494
0.7005010085759463
0.6986567235818879
0.6992685818396981
0.7003870927981871
0.699185451961736
0.7005624439677037
0.7017440807066812
0.6999565707890253
0.6992297941943967
0.6990524670935447
0.700578917033943
0.7015311454788924
0.7007774541089338
0.7018891912268385
0.702464932344693
0.7002849044090944
0.7002368771293985
0.6990054912941424
0.702034857580658
0.6997027867855542
0.7006849175307484
0.7004123648290793
0.7004795535217391
0.6994917948873843
0.6985368434342742
0.700149143325841
0.7008595153434999
0.699689291402603
0.7014909917967754
0.7016450025869794
0.699266802231815
0.6999053410332066
0.6991102631030589
0.7002350738457545
0.7010702757092637
0.700352326159006
0.70048895728932
0.7004569340986724
0.7002052257884237
0.6990403439653397
0.6992088701786585
0.6996067205610449
0.6997631388559241
0.7008541644873385
0.6997767905740657
0.7000069941090601
0.6990357466941033
0.6998867350579111
0.6993785797286796
0.7004856625188761
0.7001668421902707
0.699096607329069
0.6990508247085558
0.6994525610511593
0.700055687737872
0.6984536289114508
0.7011309943666038
0.6996603977953949
0.700371571910021
0.6989037726963734
0.6996727978675279
0.7015751680887923
0.7002765048634365
0.699813993861904
0.6988045400093617
0.7006210293368378
0.6992889599519513
0.6983895729809522
0.6997608837059334
0.7004285384841461
0.7007662448385982
0.7000756094371821
0.6983949643739882
0.6997709727447468
0.6981270946567119
0.7003124124775162
0.6983974791149542
0.6996730880941423
0.6984301172738432
0.7002116683304527
0.7003899500655323
0.6973904165414007
0.6993924345732153
0.6990936228608647
0.6984048241365804
0.6994633423193221
0.7002504408698577
0.699463647680456
0.699995520182663
0.7002096871005546
0.7006840342116908
0.699648250375631
0.6984867927476561
0.7000462065919657
0.7003832278054147
0.6981276903244473
0.7002267187167668
0.7002736988169141
0.6998576946224527
0.6999832852815958
0.7008200742362485
0.698213293472539
0.7001698849775846
0.700410668892901
0.7007259435659067
0.7016638302697958
0.7007355709969355
0.7008394592915097
0.6997788005274398
0.7002503092530221
0.6994322421879166
0.6989510708645783
0.7015607305522013
0.7003074989610878
0.7010176840562786
0.7015050990816127
0.7010174794175198
0.7008076883274963
0.6992883906036541
0.6981238827423087
0.6976923536204251
0.701382193153449
0.6993851232149894
0.7005349170829492
0.7006214429560977
0.6996184624668219
0.6999352012358119
0.7014075563235126
0.6997605757046742
0.7007274990448419
0.7000200412108579
0.7010857833923121
0.6993088191793624
0.6990152421549042
0.7016478726519857
0.6998110438587616
0.6997705150910043
0.7013436575799638
0.6998128325053712
0.6981384666320664
0.7004410938635511
0.6991793413551014
0.7013042685124313
0.7001327169153244
0.6998568099630839
0.702089427915003
0.700838751211122
0.7008747561148382
0.6996310557169874
0.6993379713906503
0.6994591025469004
0.700340909853403
0.6988774033425081
0.6990335979812579
0.7020439477115316
0.69936779502287
0.7015694611935128
0.7008194274058862
0.7008262807110579
0.700567946425686
0.7000449919019891
0.6987898742619126
0.6999520891372508
0.6989888433989253
0.7005773942832979
0.7011305863928071
0.699188514486802
0.701084537941418
0.701340113948369
0.7001527306900075
0.7007831298275278
0.6999638389228854
0.6995883306701716
0.7000190918052565
0.700943989082167
0.698972545027422
0.7004338461526785
0.7005639087149559
0.6980078651437469
0.6981413742534229
0.7005195037142393
0.6993536479682001
0.699853448161333
0.7005038953279347
0.6994412452371755
0.7002477280269083
0.7004901185333363
0.7005605724723859
0.701198661197601
0.7020168301448144
0.7003970015324146
0.6985504059637383
0.7004709153026033
0.701100890471919
0.6994525732109091
0.6983572768438946
0.6973342090854625
0.6992131869033467
0.6999070116716176
0.7014445720683076
0.6988686456109372
0.7015191571316534
0.701426501150591
0.6998107847406113
0.6999865039198757
0.6997354977780049
0.7004888984704818
0.7009782265908175
0.6993111763915955
0.700673401945484
0.7003083617181767
0.7006262599282698
0.7015787928159323
0.6994036007695282
0.6992832536687258
0.6989003025782742
0.7000283895479491
0.6996560710041861
0.7002985582917045
0.7006289588389946
0.6997946545300021
0.7000788193891958
0.7000290145004625
0.700235214002976
0.6997584857245618
0.6999447934834572
0.6995972006429493
0.6995643444096029
0.699069967384192
0.699361553935982
0.6981264282227235
0.7009269276247206
0.6993091545671791
0.7019766495284793
0.6993854638784835
0.6993298159732508
0.7013051781436825
0.7004600262851481
0.7005395711424574
0.6999290513583273
0.7004461556103659
0.6990206140051641
0.7001744554817153
0.7000959111266573
0.7004390302126537
0.699755024360763
0.6990197595591481
0.7000797893972921
0.7005967281726778
0.699775484875447
0.6995083304773537
0.6983788162000423
0.7000020459820219
0.6996168637330705
0.6985322774366072
0.7002600730149535
0.7004723649572775
0.6993692020689867
0.7000933643539288
0.6996979577712436
0.7001683356694463
0.7003451690632005
0.6997950677553725
0.7005098707834223
0.6994525969906448
0.7004750030633058
0.700582515003409
0.7000021404715678
0.7001118868754205
0.6998795242646495
0.6985431170651188
0.7001868751666023
0.700237965814706
0.6985765763741628
0.6995346284241887
0.7002841355536266
0.7013270264938721
0.6995756204794907
0.7000949045082756
0.6976230553886978
0.7014780341232202
0.6996100432177949
0.6996616077410738
0.6992996642097077
0.7009854558548047
0.7005616028719006
0.7009590431268372
0.7003107784575927
0.7001130790058362
0.698865793295236
0.7006900286967651
0.698868962272767
0.7002817340351339
0.6998998893057262
0.6989431231098382
0.7004235890746887
0.6990559310228943
0.7009771357661478
0.7023251633063398
0.6994974962409324
0.6991240905521042
0.7001828881143062
0.6997224531983681
0.7003371267020466
0.698622828446886
0.7002845968227293
0.7003779099241373
0.7003069911732553
0.7010442124674633
0.6999636049809236
0.6988249667968778
0.7009733262908187
0.7000811705452391
0.6997224305642523
0.6994291191844512
0.6985553811581839
0.6988875145869332
0.6997751711912362
0.7019199683918361
0.7000657932692028
0.7007794523597737
0.7006369729113635
0.6997204082986896
0.7002963991283134
0.7014723902915955
0.6987982086504435
0.700031061540186
0.6996704510957953
0.699188231795639
0.6987281933823947
0.701222058159746
0.7011978939935398
0.6987550051785065
0.7004715834508171
0.6986355622445215
0.6992759479079659
0.6986911444399907
0.6995606726616599
0.7010487950246473
0.7005197501255755
0.7006936823989447
0.7006806167999277
0.7018940617290499
0.6990481496015409
0.6988049364860824
0.7004200228971778
0.7015097893534978
0.701721942001108
0.7021533720275827
0.701018822540158
0.6986018857463631
0.7020917924828736
0.699835725004978
0.6988375315530462
0.6988130950182726
0.6991820351651841
0.6980551066036321
0.7003383378760065
0.7000526948172286
0.7002629702690192
0.6992814665177283
0.6992161114138585
0.7002703408949057
0.6995313713190344
0.6999997473322563
0.6980083852671584
0.6988052881926509
0.7001087267528159
0.7000215521468666
0.7011868320358243
0.700784189757349
0.6993236900297534
0.701359211092036
0.699277123220667
0.7006071713321278
0.6996771281009361
0.7001194034133226
0.6994838567457398
0.6999516502973928
0.6992962810208634
0.6993073143523216
0.6980548124254939
0.6991295706648714
0.6987319442478892
0.6995451324519547
0.6997539945121852
0.7003755814053063
0.6994493561708688
0.7007983236226273
0.7006175835641701
0.7004501949295818
0.7010783397218004
0.700847262388155
0.7011332804574777
0.7003626827244621
0.6993194743015511
0.6999096944424403
0.7003094806520135
0.7002183488550394
0.7001634793246709
0.699193343012225
0.7007635694856477
0.6979660469532004
0.7000748795245776
0.701770777620078
0.6989241527661664
0.699728201208976
0.7004526353723064
0.6997219680842369
0.7005522733309052
0.6977268773842047
0.6997020248189593
0.6986415187908627
0.6999806776897625
0.6993866513425558
0.6989981790809686
0.6994230711611731
0.6998444234544032
0.7014537246150961
0.6995453433884082
0.7009640223570692
0.6990868724875648
0.7007717748751536
0.698929708169358
0.699967346471788
0.7007595762868369
0.70017587971578
0.6973632715794797
0.6987780159080423
0.7001266175220259
0.6988416777833697
0.7007441766485848
0.6990757663309505
0.7006286702150557
0.6993309669604159
0.7002353476856665
0.699914245018673
0.7010109964433445
0.6987619525549765
0.7012484563074564
0.7004179292975713
0.6977725759094909
0.6979799936180192
0.6991499221620628
0.6986698105424701
0.7001627775458978
0.7002231419346737
0.6983647498380382
0.7004193822682483
0.7003512491337393
0.7017088555920908
0.7014975929402681
0.7005816485112717
0.7011417080354528
0.7004668852785492
0.6999636591144757
0.6998292078760868
0.7013915284358281
0.7017333130073161
0.7001333417981516
0.699638423366906
0.6992158239971574
0.6995303358355459
0.7002471267352425
0.6999710911701049
0.6979972124508219
0.7011306743881013
0.6983122409828061
0.6987862595339384
0.7013502827390216
0.6987189596007534
0.7006356061696499
0.6995453628137714
0.6992059076140408
0.6986909247845874
0.6993056001147187
0.7011600323903353
0.7005625083308574
0.6996689079212324
0.6999954510579403
0.6988281741226546
0.6999697373666653
0.7002703341044187
0.6981644155705282
0.7001876153567004
0.7001557595719963
0.7001353769198594
0.6994251200950156
0.6998812709274703
0.7002638280303615
0.6992607831221409
0.701175907179991
0.6995289930966829
0.7013144015351674
0.7002265749587395
0.699586896522799
0.6991753804217553
0.6975771508075063
0.6995789705722147
0.6993779832857938
0.6990281240581976
0.6987727118898867
0.7019736579838518
0.7002935258937737
0.6998776999137759
0.7013185365876985
0.70020333213823
0.7024644581111417
0.6999267392330536
0.6988986294731563
0.69932060584047
0.7001144092883963
0.6989897053551577
0.7002077467372175
0.7003763753282508
0.6996446547237305
0.697916504450124
0.6984929946768526
0.6995148917312415
0.6993531039880652
0.7003341671736153
0.7008258059758531
0.7000589458294537
0.6997787832211517
0.6993561362144469
0.7002254439294568
0.7015363736351004
0.7005259208697961
0.7010459843619404
0.7001825099251416
0.699518131011838
0.6981719112923076
0.7011824236902278
0.6985623588183303
0.7011060706239334
0.6987714758415536
0.700318554447504
0.6999223880413147
0.6970401241206864
0.6999916099680966
0.6999949152505303
0.6997318631534329
0.6992851638337451
0.7004057226216829
0.700208231163672
0.7013248608535404
0.6991923936237413
0.7018586069991993
0.702113106401368
0.700119035012112
0.7004658145139364
0.6994297658605075
0.7015982161059086
0.7005264049357158
0.6999491449062458
0.6991019169333071
0.6991378504001758
0.699408643883361
0.6990390422745045
0.7001693253022191
0.7012020928149816
0.6999450067817216
0.6991291038438782
0.6992669718347069
0.6999771174627571
0.7004158379364421
0.7000226853586118
0.6994613734400199
0.7012960276685298
0.6987381470362367
0.7010033196864496
0.7016116503785279
0.6987570474721682
0.6998717451370464
0.7013054868168052
0.6988922952542124
0.701048187826287
0.7016827506819826
0.7001420100332105
0.7002162631949974
0.6992340181796155
0.7003370278266752
0.7013232228431532
0.6982723671768236
0.6976128852246095
0.6986354636251171
0.6986077147323329
0.6997039064896934
0.7002279496367237
0.700861378722984
0.7002457237868048
0.6999292305825743
0.700910903783046
0.6992599936935513
0.6996378298486052
0.7011072749628385
0.6992810025670397
0.699438091152988
0.6993779685145521
0.6999276890738899
0.7002882189412386
0.7006988585228382
0.6992392086608031
0.701016361667033
0.7007870249871591
0.700608664539536
0.7000618018391704
0.7007524862888931
0.7009615638240974
0.700515952231102
0.6997882409509577
0.6993647410986671
0.6990806993839205
0.700295771133062
0.6993292607857992
0.6989049086983798
0.6999923076670775
0.6998692083535292
0.7009596844312924
0.7001290946146245
0.7001920962589495
0.6984481500829677
0.6982022781602799
0.6990899560816106
0.7006133266432834
0.7003906251075553
0.6998439335325454
0.7010535234716995
0.7007050096014605
0.6987740546204313
0.6996045797011627
0.7007266112359821
0.7011477528904192
0.699981614045774
0.6985235309605438
0.7011578313426848
0.6994346980802357
0.6998234828993971
0.6998909810787242
0.698508493545313
0.7000396459837066
0.6990439655849031
0.6977916517754122
0.7013101949537653
0.6999777802483945
0.700161657378252
0.7004060373097728
0.701244845543092
0.6994143491327534
0.6998749377806623
0.698895980867323
0.7000188899965699
0.6989661802659796
0.7020466527127224
0.6986311576955356
0.698284007133961
0.7007393340158553
0.6992415631590934
0.6984714257939034
0.7000968380451011
0.6989644071019456
0.7007045173746634
0.6985588683749777
0.6982607966114736
0.7011859423392015
0.7013891683550514
0.6982382781735215
0.6996084440508193
0.7010175807986277
0.7009055199182057
0.6995295730083719
0.698845516581792
0.7007207977985971
0.6991974885585736
0.6997664520916659
0.6985528076041551
0.7007896009611704
0.6996728367746954
0.69998909033041
0.7023676159694757
0.7011484596332136
0.6998860830418816
0.6991422727352786
0.6996989087448384
0.6994647693934953
0.700368979771262
0.7017121546932222
0.7000250262445724
0.6999638505719153
0.6996351523720604
0.7014419207205035
0.6996925623279175
0.6977719277104422
0.7003762039817142
0.7019876473535722
0.6999683198447362
0.7016865720859563
0.7007414541637048
0.7001254961346232
0.7004990811028525
0.7014674038073243
0.6991829399352982
0.699023170376771
0.7004467433645141
0.7012384756496515
0.7013509853905486
0.7003760393931835
0.699521238883848
0.7001082949152827
0.700437866609884
0.7009217090431781
0.6995200859643347
0.6981128335841243
0.7000234241555218
0.7014232399980985
0.6990093410838694
0.6986587006528039
0.6994249192206725
0.7006266993610558
0.7008577830130771
0.7010655447993703
0.7007222867226407
0.7013651165089877
0.6979237084728419
0.7005833068538071
0.7010162354501449
0.7017403779277362
0.7008707119823001
0.7028184603895862
0.7000965506290101
0.7000342679513493
0.6998524801657654
0.6999060785314766
0.6999089901398099
0.6978559840422489
0.6999400126166415
0.7004062488770599
0.6994197161857976
